0.0
13.57218823358446 6.270728283819984 0 0
13.232074314850173 17.875188105012374 0 0
5.623079293708229 9.290595107723167 0 0
18.17396732922849 8.762016919976613 0 0
7.788620577106296 3.7104916107665606 0 0
4.339208272823024 16.357748869473447 0 0
11.707427646300896 14.907422648630082 0 0
7.224023060937236 16.20915295133611 0 0
19.25077728837688 14.164610049688383 0 0
5.934975434108692 18.777295552242062 0 0
12.663307521058165 7.4490770762693375 0 0
8.724689923405279 9.166898628940059 0 0
9.395578614576987 16.38659687406951 0 0
16.520720780386373 9.224746221213602 0 0
4.064258848720255 3.7384022480644505 0 0
9.738678029304104 8.45989197257665 0 0
7.484004060083523 17.252504998776192 0 0
17.96723453744729 4.075425448652295 0 0
12.493605362297917 9.28659862938114 0 0
10.779098615954627 12.637591995894686 0 0
9.947787729023734 0.7672996262959062 0 0
9.684344292755737 13.029403644025644 0 0
18.59051765432966 7.7480359183683705 0 0
15.27441154944508 17.684317646951346 0 0
19.284609551069927 1.7514385326308866 0 0
5.688474155474564 17.781906204135687 0 0
8.659329445607614 6.727377394346833 0 0
8.88214310574785 2.122281544717266 0 0
3.5833148755033277 15.953680892985597 0 0
2.049594911019241 0.7621305770863654 0 0
6.959098811340657 0.5310229147590484 0 0
10.418954594378782 16.532659146756576 0 0
13.671738133332703 11.099734402646305 0 0
11.728844071774178 17.7183359897695 0 0
7.710046173266995 17.871662685544894 0 0
5.326179141428485 19.008973774533516 0 0
11.435114440376216 5.28031240965792 0 0
13.102596589421617 12.224019985510221 0 0
7.2971935568974935 14.643190174500242 0 0
6.876882951059415 15.028661026383592 0 0
10.166933058291416 15.369511660937887 0 0
17.081396849675507 13.846755897433724 0 0
15.860306578722241 14.403118193324788 0 0
16.30071132832068 16.827832730004882 0 0
2.775053604396088 12.22267000309053 0 0
3.225299499910623 10.674489006950699 0 0
6.655708875569407 14.293985333305763 0 0
0.5391981131070105 2.249873761110273 0 0
3.6168654295747116 17.76728709088571 0 0
16.78062619118134 6.809521022451017 0 0
1.2653931396540135 12.007945229160232 0 0
9.652984985209203 11.420843853460633 0 0
14.119660744066703 13.441209797383127 0 0
15.541326188505638 5.905223777355589 0 0
10.10430539524102 5.792399893957717 0 0
11.400781747092266 2.646362355031457 0 0
10.959482294899574 11.49740912574689 0 0
11.872705572512032 16.200921177699236 0 0
7.521755549308888 12.851968417310406 0 0
2.1429334076653817 18.055331910257937 0 0
11.683410412313208 3.3896128851882055 0 0
11.742965064163384 15.438873528414183 0 0
1.7031161520348868 9.917465424627137 0 0
9.94791030053979 13.692500155957857 0 0
7.247586984819335 10.992116520602567 0 0
10.501629927001908 3.7037100209998317 0 0
10.920416486216963 9.230011022099115 0 0
1.040404892182258 15.808385201988623 0 0
6.172347443428255 12.718990076047593 0 0
10.324272746066118 10.688158334103424 0 0
3.335522311231173 13.88864128198274 0 0
9.115266141076695 5.471862819391419 0 0
8.33003931350984 11.731163602495997 0 0
5.325273959705619 10.221876650363281 0 0
12.585089499652373 6.871541353252567 0 0
16.1128898530643 19.467682503496896 0 0
18.755820352550202 5.454820494075212 0 0
18.672616570841438 11.752587112399564 0 0
2.825894570377547 13.795839250179986 0 0
10.730357841105375 1.5305241086046255 0 0
13.42210073432225 16.626189589334295 0 0
6.760297845502156 16.015853504311675 0 0
5.911455602139144 10.531448873289508 0 0
19.041874663081817 18.669615853988432 0 0
17.060862587055865 8.45123511156869 0 0
18.44277399629754 19.093872375883493 0 0
3.6166835077966955 8.63286260250342 0 0
7.907627000710215 1.5990460555501058 0 0
11.203552217515147 1.8128914310441795 0 0
18.198780576484122 0.9057725004651204 0 0
19.715028858238515 14.716781424219144 0 0
16.809328793908804 10.222789663892385 0 0
19.522419205990342 10.973170701024685 0 0
3.2592474047283777 2.8734553335910227 0 0
13.698064900158103 18.19180003832626 0 0
17.477472973024284 18.448972135417335 0 0
9.088905389542003 3.122989802567174 0 0
5.487611289951399 0.9251435581529557 0 0
10.613551123274886 17.666177635360718 0 0
9.162382613565198 6.275719216873713 0 0
11.414471438649915 12.246573194919174 0 0
14.00585224914189 10.375629048344178 0 0
5.094894396328778 4.184938380159151 0 0
12.39018220626881 17.388544144109215 0 0
19.30256760005585 2.953876655982747 0 0
16.75806914901773 13.212278411687393 0 0
4.7830235524740585 15.750450137470601 0 0
6.474799022371667 3.610805987477492 0 0
12.928824183115417 13.365696989883418 0 0
4.481042782398828 14.836902479398733 0 0
4.0886106796151545 0.3725417455314312 0 0
8.88480954953366 4.287047877579213 0 0
8.628579789787693 11.263089295006083 0 0
17.71447472669716 1.4531973779903176 0 0
9.554249068396159 17.64236412684181 0 0
6.74340158937833 8.241506330145455 0 0
1.1016539896881936 18.86109187411376 0 0
3.0852704605501415 1.0436398468592216 0 0
5.632504557302286 4.577190111597452 0 0
10.19471261742123 1.3947091975421124 0 0
10.151572183258372 19.412207174649403 0 0
2.48836812052209 11.727619787470521 0 0
11.324577111600982 10.355156880113308 0 0
15.15606111592764 13.385735133331243 0 0
16.5737724624769 5.437432918142801 0 0
18.88832051218236 0.4047288624678114 0 0
16.293582586333216 18.056709778813097 0 0
1.9110551160711504 13.965904543941589 0 0
13.222458231864207 17.13521235162207 0 0
0.34956247499722276 18.960878201201776 0 0
11.434214826862995 6.472909359721308 0 0
16.032835051496768 9.89500927596552 0 0
14.085527216563316 3.8460381770694565 0 0
6.881758503027506 2.6743804557200535 0 0
9.183882394109304 14.329057899597304 0 0
2.743183403683568 8.914130324253234 0 0
10.290499745513422 6.362119087492677 0 0
4.462155435790714 11.24830134264679 0 0
7.9277445289661514 13.230885141339735 0 0
17.64287379569388 10.59378113136552 0 0
0.775721358295268 11.53793675375475 0 0
7.316113377847125 2.9659563680668732 0 0
12.903725978373286 4.752825393435588 0 0
16.466848952849652 13.690078947076564 0 0
19.40841006510325 10.386849151893092 0 0
17.737973751309315 13.891136124882749 0 0
10.835416510411697 2.731582709840322 0 0
7.616468918755197 8.217590819069759 0 0
12.411225596804918 3.0825971639535408 0 0
15.079756098371753 7.082558583839668 0 0
11.279854454047 14.253293212286419 0 0
13.81159905867641 19.583599683420232 0 0
14.549865123272514 16.30667849772888 0 0
14.704532175370067 7.68741323363538 0 0
5.6497960198447155 12.80173460446126 0 0
1.4582576696169738 3.6946584709795847 0 0
3.0050882551841176 15.368209452403892 0 0
12.12188828173044 18.434799266877437 0 0
18.447973250182997 3.7027176153455557 0 0
8.46419833539477 13.179705437199805 0 0
0.2594517773842666 18.403612816933258 0 0
2.776614553457594 2.5739694263872814 0 0
15.566059324092278 4.30356499909071 0 0
8.131471459636535 8.789410579976934 0 0
16.2379300605805 0.8911798854469728 0 0
16.843819427644476 7.781437423003221 0 0
15.229748691401788 16.110899460134306 0 0
6.993441787740401 9.197933287525416 0 0
18.847657282516607 17.880439143889436 0 0
6.820679441373286 6.792248029326815 0 0
4.408475436371703 2.845236289565786 0 0
2.362645063085438 13.207026586446043 0 0
4.813191164599848 14.445769646211298 0 0
13.189445214618447 9.032216417031076 0 0
16.3879027672488 8.61941033175978 0 0
3.39475197625955 7.851027150216103 0 0
18.738337166334862 10.383198736527733 0 0
6.416938042923855 4.660855846006205 0 0
1.9251385274033979 19.314185404808818 0 0
7.98077119677945 16.505918518222824 0 0
6.405680105901086 7.696459299159012 0 0
1.9583245773497253 4.501429148651401 0 0
5.191058948471102 0.31243745679475377 0 0
18.88507812688366 16.931291036753354 0 0
11.660520390996433 12.699301971534485 0 0
4.356778149253163 2.0920421946527967 0 0
7.601047240251298 0.8032069375568516 0 0
12.8659038729854 14.869861202018221 0 0
9.287564466073793 13.813637674056114 0 0
14.60957375833633 11.368857220772755 0 0
17.698693622316338 14.876560396285704 0 0
7.740430010796037 2.199044764178672 0 0
0.4785536602449508 7.961216135116328 0 0
17.090469813104598 4.2471144425015845 0 0
3.927720449337469 14.899911195297975 0 0
4.590764090009623 18.301623472084817 0 0
6.236664266605345 8.54100866682411 0 0
6.852137665137564 4.3209944835826475 0 0
18.358984116104175 14.483856229425175 0 0
10.069945397781948 17.984648947129024 0 0
18.0034851495623 19.651357546625842 0 0
7.728199555605186 14.210624228531419 0 0
14.607309828667198 12.324097011127453 0 0
17.23508979456406 11.319012231329978 0 0
4.1735571346885285 8.636204046297733 0 0
6.327634778969808 5.741483766321618 0 0
10.730946223658249 0.30829499329962906 0 0
16.628456459136267 5.982241035243847 0 0
18.162683249548806 12.77566629486866 0 0
9.91168005691545 17.249686395080225 0 0
14.615995955727252 8.463563776731787 0 0
11.350627457903265 16.181216909191978 0 0
7.196207639719418 19.16074734393774 0 0
6.246327881369186 6.491843114476137 0 0
12.410363577921947 11.646436661779434 0 0
2.014987036579192 15.328139272931441 0 0
0.5926683888149957 1.6809397858875585 0 0
7.0286601031751985 18.018902522438708 0 0
9.076079843835899 14.839322576880186 0 0
16.925271723983965 0.6192674133537888 0 0
8.597410849904893 2.732683792731366 0 0
5.4039873032009575 5.711177588669058 0 0
9.221531702762334 12.05809622072039 0 0
6.025545002353186 2.108120499716959 0 0
12.161502234295176 8.759052337077543 0 0
17.715679746640063 9.339693466940034 0 0
13.74005396688251 6.982872768968778 0 0
10.084440874804542 7.296161367065667 0 0
7.141448310036561 5.859984360223123 0 0
16.460743958151575 12.78820424271253 0 0
19.05744261711014 15.198462786020773 0 0
11.588256387889304 16.733437312308194 0 0
12.303797741769595 1.7491047906646686 0 0
3.678055425713342 2.543116640109372 0 0
7.402408665456838 4.17183181052078 0 0
4.228392242936666 12.052815129302967 0 0
18.840493283732616 6.447007760090265 0 0
3.3753451095249583 16.9424571768138 0 0
11.10665516924126 17.21906867289647 0 0
8.509101506152904 18.824319419446294 0 0
8.806902212005303 15.27541675435796 0 0
13.580615148451962 1.1984511332794234 0 0
12.67178286203216 10.38065410528305 0 0
4.436307232743982 1.0932610417361455 0 0
1.2077803182083837 4.833099205742864 0 0
13.212088489248153 3.6569638761363144 0 0
14.451169180661852 6.9951891406644755 0 0
3.2370679595023244 3.361094609643631 0 0
3.9136280455006722 18.428421031772444 0 0
17.75777851311453 15.698882450182783 0 0
4.8046024199351205 16.673129193533544 0 0
14.51525257456115 2.9402762025992284 0 0
9.670787303623252 14.549373654524969 0 0
1.2766695142644364 8.77266974609067 0 0
12.93869133787666 11.375458131245376 0 0
14.844017591535346 10.610572887699087 0 0
2.289971642544037 9.470395170758554 0 0
2.8900319621960224 5.961014485711219 0 0
0.7084380421108503 19.754604988118558 0 0
14.800243768647844 17.52040377102956 0 0
16.493454051346756 11.402487661544887 0 0
5.585974505959958 16.395675985102667 0 0
12.250684705143293 16.84703621798144 0 0
18.10409070397776 5.186250277724974 0 0
4.815793224948812 9.699221411917875 0 0
10.568289094670403 5.417262535365385 0 0
16.706920935020978 2.2875075949543877 0 0
17.752404910024875 17.794451041903923 0 0
6.0046038669835 0.9197228768635812 0 0
18.99604991627648 11.210658710184587 0 0
18.871986287126504 9.745624301914154 0 0
9.172510268618668 18.24997224402764 0 0
12.963603760815133 19.74023665314405 0 0
5.402207251643757 14.696296446992875 0 0
3.4425226223875334 3.9002432680176398 0 0
14.599579866029863 13.751901144605021 0 0
13.71174116759229 16.179694986091675 0 0
1.7230145229330995 7.076669737114107 0 0
11.06277306291181 19.390333125223826 0 0
9.076461431102738 4.952279979262572 0 0
3.955945550919674 14.026112703819633 0 0
10.329686489964185 8.515633189249154 0 0
5.819697602295238 14.360613601251083 0 0
16.83427522641091 12.07762584745045 0 0
5.531752525286533 11.286293859912341 0 0
19.50736223576852 12.406104139886851 0 0
9.020561391215514 0.8191391079382628 0 0
0.4369579231316587 5.164727122914518 0 0
10.472456612208022 18.544590944125158 0 0
2.7575780299118176 11.267875365519041 0 0
14.663947486738707 15.398522971467955 0 0
10.968263465960844 8.120689589870572 0 0
5.60101693896261 2.7334527716533565 0 0
14.178924564359313 14.827869537744608 0 0
13.691527061497599 3.278668934293636 0 0
12.52240033305129 0.2968980033373215 0 0
6.185373171555354 0.25450997755086324 0 0
11.803769526182819 7.327857985464552 0 0
10.798926351874998 6.168795153177518 0 0
19.672706041457115 9.261437677278694 0 0
