80
20.0
0.25182691040098604 0
0.23831235470222412 0
0.24106348740233918 0
0.2534870533637011 0
0.2524971854376634 0
0.24783049732669055 0
0.2351665381306356 0
0.23094254716479742 0
0.24253062640258757 0
0.24441723549669303 0
0.2546147547015904 0
0.24080764626098405 0
0.24418065262627567 0
0.23453094663586277 0
0.23841715975018432 0
0.25597060388982057 0
0.2471486091658993 0
0.2509174618780919 0
0.2542737445018322 0
0.23916737467002347 0
0.23378773469896297 0
0.2310945355007075 0
0.24187298840513727 0
0.2493869593639293 0
0.24796511111435054 0
0.2532536208778153 0
0.24121508430861627 0
0.23945442414101956 0
0.2523545991864616 0
0.23419368785860584 0
0.25713503237004687 0
0.25428782374430187 0
0.24750384945773357 0
0.23347250371158879 0
0.24879425495611918 0
0.2550109880328906 0
0.2419260846804681 0
0.25465236673861036 0
0.24464592123370776 0
0.255660844729449 0
0.25178234614822725 0
0.24128261863802528 0
0.23480392262864544 0
0.25384624172664705 0
0.2595493761603956 0
0.2462862404354405 0
0.24646981198488194 0
0.24163388474114608 0
0.23311570691723904 0
0.24256575257439997 0
0.24269605046272563 0
0.2349850148156427 0
0.2455190081311729 0
0.255533316552539 0
0.24108459141076263 0
0.25925022750948684 0
0.24303810513771743 0
0.25182609510287257 0
0.2565128917735565 0
0.25520273667154125 0
0.24840267518625633 0
0.25999086038209057 0
0.24552438420565523 0
0.23527589605945154 0
0.24958478520001862 0
0.25301364933272363 0
0.2513778520175142 0
0.24016887529270453 0
0.2511501221883077 0
0.24697455384290218 0
0.23792007266044685 0
0.2417949059101148 0
0.24447293268661635 0
0.2348245331697147 0
0.23742852606604642 0
0.24966957191073108 0
0.24525735154956574 0
0.2493104352499296 0
0.2523658687101062 0
0.23427217283415794 0
